#SOLAR PHOTOSPHERIC DOPPLER VELOCITY OSCILLATIONS : CADENCE 45 s
       588.50000
       232.00000
      -319.00000
      -488.00000
      -272.50000
       285.50000
       111.00000
       201.50000
       321.00000
      -178.00000
      -350.50000
      -151.00000
       259.00000
       133.00000
      -534.50000
      -214.50000
       132.00000
       256.00000
       279.50000
       42.500000
      -416.00000
      -285.50000
       374.50000
       378.50000
       103.50000
      -56.500000
      -207.50000
       84.500000
       91.000000
       60.000000
      -372.50000
      -202.50000
       254.50000
       279.50000
       90.000000
      -178.00000
       1.0000000
       284.00000
      -3.0000000
      -152.50000
       81.000000
       181.50000
       246.00000
       149.00000
      -239.00000
      -188.00000
       5.5000000
      -125.00000
      -18.000000
       314.50000
       331.00000
      -18.000000
      -189.00000
      -401.00000
      -229.00000
       369.50000
       333.00000
       203.00000
      -71.000000
      -228.50000
      -120.00000
       8.5000000
       321.50000
       221.50000
       41.000000
      -347.50000
      -305.50000
      -123.50000
       136.00000
       93.000000
      -113.00000
       37.500000
       156.50000
      -1.0000000
      -313.00000
      -243.00000
       176.50000
       336.00000
       205.00000
      -199.00000
      -282.00000
      -292.50000
      -41.500000
       364.00000
       294.00000
      -172.00000
      -110.00000
      -51.500000
      -112.50000
      -92.000000
       326.50000
       169.50000
      -161.50000
      -45.500000
      -115.00000
      -232.50000
      -52.500000
       370.00000
       313.00000
      -210.00000
      -246.50000
       49.000000
       178.50000
       160.50000
       256.50000
       99.000000
      -568.00000
      -465.00000
       101.50000
       476.50000
       241.50000
      -158.00000
      -26.500000
      -2.0000000
      -104.50000
       8.0000000
       268.00000
       123.00000
      -392.50000
      -335.50000
       126.50000
       340.00000
       149.00000
      -85.000000
       106.00000
       111.00000
      -42.500000
      -135.50000
      -21.000000
       285.50000
      -11.500000
      -288.50000
      -292.50000
       53.500000
       18.000000
      -15.000000
       88.000000
      -149.00000
      -174.00000
      -131.50000
       66.500000
      -126.50000
       171.50000
       620.00000
       249.50000
      -359.50000
      -286.00000
      -256.50000
      -11.500000
       159.50000
       368.00000
       534.50000
       137.00000
      -403.50000
      -401.50000
       125.50000
       338.00000
       223.50000
       70.500000
       38.500000
       20.500000
       39.500000
       113.00000
       296.00000
       9.5000000
      -213.50000
       118.00000
       127.00000
      -187.00000
      -294.00000
       27.000000
       358.50000
       204.00000
      -205.50000
      -269.00000
      -66.000000
       67.500000
       162.00000
       87.000000
      -54.500000
      -381.50000
      -103.00000
       283.50000
       275.00000
      -74.500000
      -447.00000
      -476.50000
       10.500000
       471.00000
       184.00000
      -491.00000
      -362.50000
      -280.00000
      -101.00000
       325.00000
       288.00000
       230.50000
       148.50000
      -183.00000
      -304.50000
       109.50000
       641.50000
       606.50000
      -29.000000
      -474.00000
      -156.50000
       160.00000
       203.50000
       119.50000
      -301.00000
      -87.000000
      -83.000000
       176.50000
       397.00000
       201.50000
      -118.50000
      -203.00000
       12.000000
       228.50000
       129.50000
      -204.00000
      -172.50000
      -57.500000
       101.00000
       229.00000
       54.500000
      -78.500000
      -66.000000
       8.0000000
       139.00000
       89.000000
       44.000000
      -66.000000
       78.500000
       250.00000
      -90.500000
      -236.00000
      -251.50000
      -129.50000
       106.00000